275
121
119
908
655
747
490
978
126
872
221
570
76
99
973
996
608
241
757
826
928
308
892
983
1000
623
322
824
389
82
941
832
523
818
852
209
641
158
689
829
918
110
825
419
565
867
835
480
125
824
888
909
318
248
958
69
170
399
582
614
346
131
690
542
721
521
529
122
953
89
739
910
715
463
652
303
808
350
215
971
883
12
162
982
753
327
408
728
644
414
576
606
746
822
531
760
756
867
128
889
804
106
728
770
215
890
618
828
764
500
939
278
702
33
674
526
11
223
234
196
973
244
452
949
852
993
481
612
40
457
198
772
726
355
733
954
674
198
764
157
593
301
260
518
727
400
789
582
415
372
614
300
774
703
124
445
747
479
522
354
597
648
64
146
929
277
297
13
956
697
264
556
506
611
52
613
774
172
969
729
514
628
848
287
582
448
986
458
432
491
222
449
566
180
36
14
463
985
332
549
590
308
185
501
6
864
451
810
886
996
649
317
701
663
533
763
33
307
910
127
32
943
110
451
567
284
619
800
736
962
110
530
755
865
358
52
920
85
752
700
713
861
221
478
780
163
864
502
550
589
617
122
690
105
956
951
17
464
380
877
463
338
42
17
998
812
817
900
944
344
156
981
359
795
623
404
672
978
58
348
404
36
211
684
532
254
613
848
815
371
608
423
349
545
795
494
650
405
897
134
965
503
383
194
806
482
58
879
964
301
433
773
381
252
256
822
344
468
184
82
62
492
742
213
606
410
205
219
940
776
327
173
109
178
721
260
16
269
523
56
144
74
103
969
400
274
379
155
167
964
229
869
129
705
435
525
260
388
796
457
976
80
894
575
844
649
111
220
799
209
296
110
92
532
14
220
650
818
100
359
928
617
512
324
88
211
236
683
117
398
947
201
923
42
146
3
770
324
767
388
393
846
839
861
152
681
331
260
911
528
243
652
334
472
293
923
951
120
933
426
480
233
416
363
690
714
870
659
636
123
486
395
929
327
503
222
970
338
209
255
340
426
230
493
231
479
579
302
691
582
264
58
820
733
106
315
403
421
396
818
455
812
577
457
560
765
370
522
31
462
183
503
93
972
653
123
101
191
149
732
758
957
389
71
995
891
585
983
252
59
498
825
316
883
592
163
952
465
949
223
777
117
609
231
956
163
935
209
257
563
205
325
683
946
251
647
54
120
763
809
388
559
942
378
725
610
598
386
604
419
758
402
68
807
184
802
795
57
590
249
495
187
72
13
611
650
904
407
908
314
835
377
402
786
506
39
813
283
333
906
634
603
785
929
710
968
409
6
788
608
26
680
48
265
984
704
828
845
767
422
447
433
751
869
306
650
185
456
444
573
760
683
92
626
82
321
304
963
895
579
873
335
955
513
183
361
488
94
584
888
914
595
648
377
493
93
929
52
780
379
161
766
962
660
100
976
376
510
857
955
751
447
259
127
288
98
61
825
88
881
259
698
994
114
693
310
714
900
16
413
236
965
630
785
467
550
531
836
533
909
136
624
731
183
436
651
175
691
26
700
976
248
469
474
724
447
290
224
462
591
238
835
365
378
281
611
654
326
13
313
260
552
655
193
55
956
320
103
368
898
225
409
10
776
55
80
955
759
996
980
616
18
243
711
746
197
587
663
156
264
476
914
438
249
170
874
800
987
460
312
576
472
510
12
440
198
545
772
519
900
794
533
949
956
684
754
639
581
576
840
972
976
219
982
812
208
695
928
21
183
609
637
23
803
856
117
217
937
645
502
451
787
180
428
178
343
700
709
408
913
954
739
872
38
903
802
167
758
11
411
331
815
354
957
217
18
601
257
549
490
711
858
977
544
619
971
21
236
868
577
947
446
723
456
569
77
114
244
586
419
269
290
154
370
522
120
665
553
374
119
119
398
574
704
961
306
524
292
683
384
509
191
137
664
696
831
621
407
544
597
326
753
110
387
561
361
668
302
194
102
785
881
156
935
501
606
785
529
191
256
604
501
420
85
449
663
282
302
486
626
460
332
479
332
851
826
649
278
514
945
207
674
66
335
322
831
880
415
112
547
49
939
393
408
599
864
939
678
532
600
545
509
694
504
417
864
415
436
726
362
748
313
912
128
72
804
907
488
776
976
419
191
707
692
722
228
610
606
684
180
913
20
600
246
947
734
196
917
562
285
211
664
634
34
888
405
556
344
453
436
673
585
392
112
274
641
360
679
653
539
998
512
821
955
823
909
69
237
766
629
233
406
62
745
630
4
158
38
804
513
77
649
635
676
664
674
220
271
334
39
